 ep train_total val_total  val_spec   val_raw spec_corr raw_corr spec_nmse raw_nmse macro_total    code15 icentia11 mimic_iv_   pulsedb    gate   mins
------------------------------------------------------------------------------------------------------------------------------------------------------
  0     0.53817   0.42045   0.59092   0.24999    0.5059   0.4913    0.5910   0.6102     0.46326    0.8387    0.0473    0.8299    0.0300  0.0156  178.1
  1     0.26486   0.35364   0.50013   0.20715    0.6480   0.6162    0.5002   0.5019     0.39754    0.8836    0.3067    0.8821    0.3088  0.0856  109.3
  2     0.20789   0.27607   0.37975   0.17239    0.7638   0.7166    0.3798   0.4180     0.30984    0.9067    0.5089    0.9075    0.5712  0.1457  164.3
  3     0.16988   0.23173   0.31457   0.14888    0.8123   0.7846    0.3146   0.3405     0.25859    0.9153    0.5937    0.9167    0.6838  0.1978  106.2
  4     0.15417   0.22912   0.31333   0.14491    0.8134   0.7930    0.3134   0.3285     0.25634    0.9169    0.5937    0.9185    0.6840  0.2357  163.4
  5     0.14264   0.22726   0.31161   0.14290    0.8127   0.7940    0.3116   0.3254     0.25486    0.9205    0.5500    0.9220    0.6895  0.2657  150.0
  6     0.13677   0.20406   0.27855   0.12956    0.8354   0.8162    0.2786   0.2959     0.22868    0.9282    0.6236    0.9287    0.7258  0.2861  166.0
  7     0.13509   0.19548   0.26743   0.12354    0.8431   0.8279    0.2675   0.2803     0.21808    0.9290    0.6420    0.9279    0.7459  0.3011  184.6
  8     0.12984   0.19354   0.26455   0.12253    0.8450   0.8302    0.2646   0.2771     0.21583    0.9294    0.6441    0.9290    0.7496  0.3118  138.5
  9     0.12499   0.19572   0.26812   0.12332    0.8423   0.8249    0.2681   0.2830     0.21928    0.9330    0.6281    0.9309    0.7418  0.3206   90.6
 10     0.12400   0.19447   0.26668   0.12225    0.8440   0.8288    0.2667   0.2800     0.21773    0.9334    0.6439    0.9306    0.7424  0.3266   82.1
 11     0.12008   0.18929   0.26015   0.11843    0.8479   0.8333    0.2602   0.2728     0.21178    0.9344    0.6530    0.9314    0.7507  0.3314   57.6
 12     0.12598   0.19665   0.26969   0.12362    0.8416   0.8216    0.2697   0.2883     0.22111    0.9361    0.6392    0.9322    0.7328  0.3352   63.7
 13     0.11544   0.18712   0.25727   0.11697    0.8499   0.8379    0.2573   0.2667     0.20885    0.9351    0.6546    0.9306    0.7577  0.3370   49.5
 14     0.11538   0.18511   0.25612   0.11411    0.8507   0.8404    0.2562   0.2627     0.20659    0.9345    0.6558    0.9300    0.7612  0.3385   41.7
 15     0.11368   0.18809   0.26009   0.11609    0.8482   0.8354    0.2601   0.2700     0.21053    0.9365    0.6510    0.9308    0.7528  0.3399   43.6
 16     0.11741   0.19091   0.26432   0.11750    0.8455   0.8323    0.2644   0.2738     0.21405    0.9361    0.6455    0.9307    0.7460  0.3413   45.9
 17     0.11257   0.19080   0.26425   0.11734    0.8457   0.8308    0.2643   0.2752     0.21397    0.9366    0.6470    0.9306    0.7462  0.3425   49.3
 18     0.11347   0.18379   0.25514   0.11245    0.8516   0.8425    0.2552   0.2591     0.20507    0.9361    0.6575    0.9298    0.7633  0.3430   49.3
 19     0.10923   0.18576   0.25808   0.11344    0.8496   0.8406    0.2581   0.2617     0.20742    0.9357    0.6534    0.9293    0.7593  0.3440   82.1
 20     0.10795   0.18506   0.25801   0.11212    0.8500   0.8423    0.2581   0.2601     0.20664    0.9352    0.6531    0.9290    0.7612  0.3447   61.1
 21     0.11364   0.18371   0.25541   0.11200    0.8516   0.8441    0.2555   0.2581     0.20466    0.9355    0.6575    0.9286    0.7655  0.3450   96.3
 22     0.11331   0.18611   0.25920   0.11302    0.8493   0.8402    0.2592   0.2632     0.20799    0.9359    0.6560    0.9293    0.7575  0.3458   67.1
 23     0.10873   0.18424   0.25735   0.11112    0.8504   0.8438    0.2574   0.2583     0.20565    0.9352    0.6556    0.9288    0.7621  0.3462   83.8
 24     0.10584   0.20965   0.29386   0.12544    0.8255   0.8095    0.2939   0.3056     0.23693    0.9363    0.5981    0.9291    0.6992  0.3466   61.0
 25     0.11138   0.18368   0.25645   0.11090    0.8511   0.8448    0.2565   0.2569     0.20474    0.9356    0.6556    0.9283    0.7651  0.3466   77.9
 26     0.11283   0.18476   0.25829   0.11122    0.8498   0.8420    0.2583   0.2606     0.20637    0.9360    0.6527    0.9289    0.7606  0.3468   58.9
 27     0.10570   0.18296   0.25591   0.11000    0.8513   0.8450    0.2560   0.2557     0.20405    0.9348    0.6553    0.9287    0.7653  0.3476   63.9
 28     0.10475   0.18871   0.26397   0.11346    0.8458   0.8374    0.2640   0.2663     0.21135    0.9360    0.6383    0.9292    0.7520  0.3481   57.0
 29     0.10743   0.18337   0.25686   0.10989    0.8508   0.8451    0.2569   0.2559     0.20459    0.9349    0.6532    0.9287    0.7645  0.3485   50.7
 30     0.10387   0.18311   0.25635   0.10987    0.8509   0.8446    0.2564   0.2563     0.20453    0.9358    0.6512    0.9296    0.7638  0.3486   88.5
 31     0.10780   0.18321   0.25685   0.10957    0.8506   0.8444    0.2569   0.2566     0.20459    0.9354    0.6509    0.9292    0.7635  0.3486   61.0
 32     0.10608   0.18271   0.25616   0.10925    0.8509   0.8455    0.2562   0.2547     0.20414    0.9364    0.6495    0.9297    0.7639  0.3489   51.0
 33     0.10684   0.18309   0.25689   0.10928    0.8507   0.8454    0.2570   0.2557     0.20453    0.9355    0.6494    0.9293    0.7640  0.3495   70.0
 34     0.10363   0.18337   0.25713   0.10960    0.8506   0.8452    0.2572   0.2561     0.20481    0.9361    0.6488    0.9293    0.7638  0.3500   48.0
 35     0.10569   0.18344   0.25763   0.10925    0.8502   0.8450    0.2577   0.2559     0.20501    0.9354    0.6448    0.9296    0.7636  0.3504   50.6
 36     0.10166   0.18324   0.25736   0.10912    0.8504   0.8454    0.2574   0.2554     0.20475    0.9353    0.6460    0.9296    0.7640  0.3506   70.1
 37     0.10694   0.18369   0.25814   0.10923    0.8500   0.8452    0.2582   0.2564     0.20530    0.9348    0.6440    0.9296    0.7635  0.3505   85.3
 38     0.10206   0.18423   0.25864   0.10982    0.8495   0.8446    0.2587   0.2572     0.20587    0.9346    0.6423    0.9294    0.7628  0.3505   48.2
 39     0.09703   0.18382   0.25828   0.10936    0.8500   0.8449    0.2584   0.2569     0.20559    0.9354    0.6415    0.9303    0.7630  0.3506   41.1
 40     0.09847   0.18415   0.25892   0.10939    0.8495   0.8445    0.2590   0.2570     0.20603    0.9357    0.6398    0.9300    0.7620  0.3506   43.5
 41     0.09875   0.18436   0.25925   0.10948    0.8493   0.8443    0.2593   0.2578     0.20627    0.9350    0.6376    0.9302    0.7623  0.3506   44.3
 42     0.09756   0.18420   0.25891   0.10948    0.8494   0.8443    0.2590   0.2576     0.20607    0.9346    0.6380    0.9304    0.7622  0.3506   42.2
 43     0.09684   0.18509   0.26036   0.10982    0.8489   0.8437    0.2604   0.2593     0.20724    0.9351    0.6352    0.9307    0.7610  0.3506   41.3
 44     0.09946   0.18467   0.25975   0.10959    0.8490   0.8439    0.2598   0.2586     0.20668    0.9347    0.6351    0.9303    0.7619  0.3506   45.7
 45     0.10030   0.18738   0.26369   0.11107    0.8473   0.8416    0.2638   0.2641     0.20998    0.9341    0.6290    0.9305    0.7582  0.3506   62.5
 46     0.09791   0.18537   0.26074   0.11001    0.8484   0.8429    0.2608   0.2603     0.20751    0.9339    0.6318    0.9305    0.7611  0.3506   64.9
 47     0.09928   0.18572   0.26137   0.11008    0.8481   0.8428    0.2614   0.2608     0.20797    0.9339    0.6298    0.9306    0.7606  0.3506   55.0
 48     0.09527   0.18581   0.26140   0.11021    0.8481   0.8423    0.2615   0.2614     0.20815    0.9345    0.6282    0.9310    0.7602  0.3506   56.5
 49     0.09565   0.18626   0.26213   0.11040    0.8477   0.8419    0.2622   0.2624     0.20871    0.9343    0.6265    0.9310    0.7597  0.3506   56.9
 50     0.09821   0.18640   0.26232   0.11047    0.8476   0.8416    0.2624   0.2624     0.20886    0.9339    0.6251    0.9311    0.7596  0.3506   56.9
 51     0.09776   0.18681   0.26295   0.11066    0.8473   0.8413    0.2630   0.2634     0.20936    0.9339    0.6231    0.9310    0.7593  0.3506   61.8
 52     0.09282   0.18710   0.26342   0.11078    0.8470   0.8410    0.2635   0.2639     0.20974    0.9339    0.6217    0.9312    0.7586  0.3506   51.4
 53     0.09478   0.18731   0.26368   0.11094    0.8468   0.8407    0.2638   0.2645     0.21001    0.9338    0.6203    0.9312    0.7586  0.3506   49.1
 54     0.09463   0.18738   0.26380   0.11096    0.8468   0.8406    0.2639   0.2647     0.21011    0.9338    0.6197    0.9313    0.7584  0.3506   46.3
 55     0.09059   0.18772   0.26434   0.11110    0.8465   0.8404    0.2644   0.2652     0.21052    0.9335    0.6187    0.9312    0.7580  0.3506   47.8
 56     0.09463   0.18767   0.26424   0.11109    0.8465   0.8403    0.2643   0.2652     0.21044    0.9335    0.6186    0.9312    0.7582  0.3506   47.9

route-macro at epoch 56 (unweighted mean over the routes in validation):
  loss_total 0.2104  loss_spec 0.2940  loss_raw 0.1269  spec_corr 0.8274  raw_corr 0.8125  spec_nmse 0.2940  raw_nmse 0.3090

checkpoint selection (each file is the minimum of its own metric):
  best total              epoch 32   0.18271   -> best_total.pth (and best.pth)
  best spec               epoch 18   0.25514   -> best_spec.pth
  best raw                epoch 36   0.10912   -> best_raw.pth
  best macro-route total  epoch 27   0.20405   -> best_macro_total.pth
  best.pth is a copy of best_total.pth: the model with the lowest validation
  TOTAL loss, which is the loss that was trained. It is NOT the best spec loss;
  that is best_spec.pth.
val spec corr over the last 3 epochs: 0.8468 -> 0.8465  (flat)
val raw corr over the last 3 epochs: 0.8406 -> 0.8403  (flat)
